66.1651830673
55.8395590782
45.8844134808
38.3293023109
31.6520544291
26.6484297514
23.3735474348
21.1745334566
19.4711070061
17.9875252545
16.5682117194
15.1928898245
14.0028755665
13.0413691998
12.2198344022
11.4334814996
10.5615468323
9.46730992198
8.18382266164
7.08184540272
6.30400980264
5.71144868433
5.2304141894
4.82965295017
4.48657210916
4.18674232066
3.92089747265
3.68297277391
3.46931255981
3.2776643578
3.10645670444
2.95445151813
2.82050892152
2.70338997617
2.60167053528
2.51375808194
2.43798117805
2.37269459292
2.31636045687
2.26760308258
2.22522962932
2.1882267585
2.155745822
2.12708237767
2.1016536383
2.0789766293
2.05865215603
2.04034899222
2.02379014855
2.00874363072
1.99501554575
1.98244072357
1.97087946208
1.96021253802
1.95033679204
1.94116552081
1.93262110977
1.92463821452
1.91715877689
1.91013206937
1.90351404855
1.89726497047
1.89135003509
1.88573861262
1.88040305302
1.87531897286
1.87046416523
1.86581808305
1.86136454809
1.85708593414
1.85296849743
1.84899834846
1.84516393533
1.84145380044
1.83785778913
1.8343669374
1.83097270294
1.82766735717
1.82444327511
1.82129459409
1.81821432884
1.81519779866
1.8122384334
1.80933260557
1.80647527392
1.80366177496
1.80088869785
1.79815169098
1.79544828495
1.79277462873
1.79012800939
1.78750544402
1.78490394424
1.78232149221
1.77975552657
1.7772038565
1.77466510178
1.77213623933
1.76961632736
1.76710298436
1.7645955279
1.76209117426
1.7595892892
1.75708893046
1.75458833936
1.7520860316
1.74958152696
1.74707414454
1.74456185149
1.74204480165
1.73952129169
1.73699117004
1.7344536563
1.73190808896
1.72935356485
1.72679020371
1.72421689751
1.72163334675
1.71903904196
1.71643420943
1.71381740324
1.71118925215
1.70854922285
1.7058972902
1.70323243586
1.70055524586
1.69786532247
1.69516257255
1.69244665001
1.68971774989
1.68697473098
1.68421904359
1.68144974113
1.6786661318
1.67586907349
1.67305771954
1.67023158818
1.66739147261
1.66453616123
1.66166609712
1.65878036735
1.65587862558
1.65296088794
1.65002636
1.64707386267
1.64410358359
1.64111418411
1.63810539781
1.63507608761
1.63202521368
1.62895204063
1.62585517223
1.62273451663
1.61958777893
1.61641486781
1.6132150701
1.60998745804
1.60673185979
1.60344748583
1.60013539687
1.59679598227
1.5934303409
1.59004096867
1.58662913926
1.5831993543
1.57975298079
1.57629517285
1.57282854413
1.56935673906
1.56588212482
1.56240618078
1.55892952223
1.55545252102
1.55197288608
1.54848794488
1.54499672831
1.54149481561
1.53797811712
1.53444275778
1.53088383371
1.52729615622
1.5236721299
1.52000516123
1.51628521847
1.51249922346
1.50863396272
1.5046686923
1.50058004697
1.49633619416
1.49189561489
1.48720226111
1.48217938683
1.47672066785
1.47067243839
1.46380787092
1.45578312094
1.44605636899
1.43374834186
1.4173953986
1.39454625081
1.36131720792
1.31295070401
1.24850551237
1.17794757336
1.11366679578
1.05759461992
1.0096762575
0.966743320983
0.927563155477
0.891666640586
0.858517907734
0.827878355747
0.799418140377
0.772913605615
0.748137825052
0.724910940567
0.703070773714
0.682480437215
0.663022828492
0.644594718877
0.627104814543
0.610475651629
0.594638054958
0.579530483345
0.565096828417
0.5512905613
0.538064702181
0.525382815104
0.513207523501
0.501505752094
0.490249546652
0.479411046748
0.468965871754
0.458891442453
0.449166982115
0.439774031081
0.430692984781
0.421909358876
0.413407369691
0.405172432133
0.397191242315
0.389452509553
0.381944686844
0.374657078763
0.367578551726
0.360700510471
0.354014461307
0.347510707361
0.341183308847
0.335023772874
0.329024213235
0.323180055624
0.317482991057
0.311928233685
0.306509282746
0.301222616588
0.296059402724
0.291019090117
0.286092188093
0.281277982605
0.276569466136
0.271963691892
0.26745544406
0.263041723869
0.258717070203
0.254478961913
0.250323245738
0.246246104725
0.242244583584
0.238315940078
0.234455754166
0.230663858965
0.226937280124
0.223276624703
0.219679859627
0.216147832762
0.212680954544
0.209280252631
0.205945772541
0.202678541886
0.199477283473
0.19634310012
0.19327443387
0.190269555766
0.187327251697
0.184446842992
0.181625923884
0.178862258821
0.176155381254
0.173503107522
0.17090393485
0.168356519425
0.165859675355
0.163410947309
0.161010361495
0.158655988969
0.156347109616
0.154082131106
0.151860201455
0.149679658236
